n	cluster.number	cluster.size	min.cluster.size	noisen	diameter	average.distance	median.distance	separation	average.toother	separation.matrix	ave.between.matrix	average.between	average.within	n.between	n.within	max.diameter	min.separation	within.cluster.ss	clus.avg.silwidths	avg.silwidth	g2	g3	pearsongamma	dunn	dunn2	entropy	wb.ratio	ch	cwidegap	widestgap	sindex	corrected.rand	vi
152	4	c(31, 54, 50, 17)	17	0	c(1, 1, 1, 1)	c(0.970361444295394, 0.84084151316759, 0.821801324091092, 1)	c(1, 0.916666666666667, 0.972602739726027, 1)	c(0, 0, 0, 0)	c(0.0300825018159239, 0.0827435292699443, 0.0771584214781911, 0.00346585754082257)	c(0, 0, 0, 0, 0, 0, 0, 0, 0, 0, 0, 0, 0, 0, 0, 0)	c(0, 0.046495682789477, 0.0225843169819007, 0, 0.046495682789477, 0, 0.131591314642148, 0.00517258646313704, 0.0225843169819007, 0.131591314642148, 0, 0.00377142198003293, 0, 0.00517258646313704, 0.00377142198003293, 0)	0.0579255574767635	0.878794162426064	8219	3257	1	0	59.5088811395498	c(`1` = -1, `2` = -0.998407986316266, `3` = -0.999630144298127, `4` = -1)	-0.999312753131478	NULL	NULL	-0.923270193494271	0	0	1.30266658022869	15.1710954664284	-34.6682913806981	c(0.829581993569132, 0.551495016611296, 0.59748427672956, 1)	1	0	NULL	NULL
152	4	c(32, 63, 39, 18)	18	0	c(1, 1, 1, 1)	c(0.944628998863366, 0.775697373815892, 0.983628641127426, 0.955275801546558)	c(1, 0.849673202614379, 1, 1)	c(0, 0, 0, 0)	c(0.0352212200907979, 0.0643685926358, 0.0636825593319263, 0.00930120358686779)	c(0, 0, 0, 0, 0, 0, 0, 0, 0, 0, 0, 0, 0, 0, 0, 0)	c(0, 0.0575683968532284, 0.0152373359119198, 0.000304517143193748, 0.0575683968532284, 0, 0.0985410161647334, 0.00241757860323828, 0.0152373359119198, 0.0985410161647334, 0, 0.0278028020526685, 0.000304517143193748, 0.00241757860323828, 0.0278028020526685, 0)	0.0491360952960112	0.88587857859103	8133	3343	1	0	60.3781350573704	c(`1` = -0.999397689600066, `2` = -0.996392755628464, `3` = -0.985090228377262, `4` = -0.999490332705979)	-0.994492201100106	NULL	NULL	-0.933024198934532	0	0.000309585478158417	1.29475793865256	18.0290797071729	-34.8587270753019	c(0.638364779874214, 0.536423841059603, 0.9209726443769, 0.656346749226006)	0.9209726443769	0	NULL	NULL
152	4	c(31, 64, 39, 18)	18	0	c(1, 1, 1, 1)	c(0.981815585393792, 0.729618432878386, 0.975706843885947, 1)	c(1, 0.805291472853161, 0.996610169491525, 1)	c(0, 0, 0, 0)	c(0.0308671304313879, 0.0746001746384944, 0.0735082352606612, 0.00325928938480634)	c(0, 0, 0, 0, 0, 0, 0, 0, 0, 0, 0, 0, 0, 0, 0, 0)	c(0, 0.0552942930205067, 0.00502789817655128, 0, 0.0552942930205067, 0, 0.124289856593238, 0.000188215411972305, 0.00502789817655128, 0.124289856593238, 0, 0.0108897177230211, 0, 0.000188215411972305, 0.0108897177230211, 0)	0.0535577699421073	0.876213353703791	8101	3375	1	0	59.6738462436856	c(`1` = -1, `2` = -0.999652398490473, `3` = -0.996401601018551, `4` = -1)	-0.998930368046801	NULL	NULL	-0.911914703513763	0	0	1.29014554377229	16.3601538049647	-34.9566466814948	c(0.889589905362776, 0.49025974025974, 0.870253164556962, 1)	1	0	NULL	NULL
152	4	c(31, 47, 56, 18)	18	0	c(1, 1, 1, 1)	c(0.951000664097683, 0.858336921685274, 0.696599779655931, 0.99801737388376)	c(0.996923076923077, 0.869281045751634, 0.746905719715606, 1)	c(0, 0, 0, 0)	c(0.0404277828353665, 0.0962782107212519, 0.105855810269578, 0.0141522251107283)	c(0, 0, 0, 0, 0, 0, 0, 0, 0, 0, 0, 0, 0, 0, 0, 0)	c(0, 0.031078899902987, 0.0611099090908702, 0.00049436214167948, 0.031078899902987, 0, 0.163181180411513, 0.000423340316339806, 0.0611099090908702, 0.163181180411513, 0, 0.0332352847067421, 0.00049436214167948, 0.000423340316339806, 0.0332352847067421, 0)	0.0746627161770768	0.834189186163657	8237	3239	1	0	54.9067531249277	c(`1` = -0.999413748025271, `2` = -0.999411825166586, `3` = -0.986301948908156, `4` = -0.999649272304573)	-0.994610381657579	NULL	NULL	-0.883048512882768	0	0.000424181309281609	1.30771652780212	11.1727677330305	-34.7178285503449	c(0.848684210526316, 0.631229235880399, 0.341216216216216, 0.996805111821086)	0.996805111821086	0	NULL	NULL
152	4	c(31, 46, 57, 18)	18	0	c(1, 1, 1, 1)	c(0.91896766183742, 0.805269674806339, 0.678221722256259, 0.997368899993205)	c(0.996575342465753, 0.83974358974359, 0.703592785212022, 0.99702380952381)	c(0, 0, 0, 0)	c(0.0456623425704633, 0.0904543589979426, 0.111458506366436, 0.0413024972797707)	c(0, 0, 0, 0, 0, 0, 0, 0, 0, 0, 0, 0, 0, 0, 0, 0)	c(0, 0.0376102803106647, 0.0664670120047223, 0.000358381803684037, 0.0376102803106647, 0, 0.147616733432593, 0.000449419916307198, 0.0664670120047223, 0.147616733432593, 0, 0.0965394997092095, 0.000358381803684037, 0.000449419916307198, 0.0965394997092095, 0)	0.0799504276691889	0.803563690306158	8227	3249	1	0	51.2136109564215	c(`1` = -0.999490700920074, `2` = -0.999270832536342, `3` = -0.982850305089045, `4` = -0.999678182903826)	-0.993206215181174	NULL	NULL	-0.878642804494959	0	0.000359327229560174	1.3064349847526	10.0507741325796	-34.7850667460313	c(0.739130434782609, 0.579113924050633, 0.413173652694611, 1)	1	0	NULL	NULL
152	4	c(28, 37, 36, 51)	28	0	c(1, 1, 1, 1)	c(0.943354748997293, 0.699495699350215, 0.88883139072326, 0.626583850369788)	c(0.984050996113225, 0.716796754962817, 0.962264150943396, 0.667682926829268)	c(0, 0, 0, 0)	c(0.0513426044847532, 0.186099071648833, 0.0824825170579141, 0.0848464686200708)	c(0, 0, 0, 0, 0, 0, 0, 0, 0, 0, 0, 0, 0, 0, 0, 0)	c(0, 0.121199419670959, 0.0491826683021936, 0.00218683077264567, 0.121199419670959, 0, 0.197912330012486, 0.213391482517244, 0.0491826683021936, 0.197912330012486, 0, 0.0170215893293066, 0.00218683077264567, 0.213391482517244, 0.0170215893293066, 0)	0.102709289535164	0.764795922913018	8527	2949	1	0	47.6911825845134	c(`1` = -0.99728390363934, `2` = -0.926036015349894, `3` = -0.992251317918357, `4` = -0.996772900662172)	-0.978577284530784	NULL	NULL	-0.822993745932087	0	0.002318142538605	1.36312079646402	7.44621958125006	-34.8583269046583	c(0.796296296296296, 0.570121951219512, 0.697749196141479, 0.463022508038585)	0.796296296296296	0	NULL	NULL
152	5	c(26, 29, 43, 37, 17)	17	0	c(1, 1, 1, 1, 1)	c(0.976040611483481, 0.898371045153051, 0.818723278827468, 0.933252201696229, 0.988645732056242)	c(1, 0.981762749445676, 0.891495601173021, 1, 1)	c(0, 0, 0, 0, 0)	c(0.0205591153821122, 0.0324947231146044, 0.0463721455766605, 0.0138652856468991, 0.00386680932666297)	c(0, 0, 0, 0, 0, 0, 0, 0, 0, 0, 0, 0, 0, 0, 0, 0, 0, 0, 0, 0, 0, 0, 0, 0, 0)	c(0, 0.0110739321941875, 0.0517349896325457, 0.00120810676527659, 0, 0.0110739321941875, 0, 0.0829182242343093, 0.00167616551670505, 0.00478981999141604, 0.0517349896325457, 0.0829182242343093, 0, 0.0331962986359049, 0.00450368147566766, 0.00120810676527659, 0.00167616551670505, 0.0331962986359049, 0, 0.00512043718634397, 0, 0.00478981999141604, 0.00450368147566766, 0.00512043718634397, 0)	0.0259113774055115	0.907712013850702	9040	2436	1	0	62.1895550048555	c(`1` = -1, `2` = -0.999657394076048, `3` = -0.996940813499884, `4` = -0.999843400946504, `5` = -1)	-0.999031087129744	NULL	NULL	-0.958911272323303	0	0	1.56426023367666	35.0314072326246	-28.6689997294321	c(0.854938271604938, 0.636666666666667, 0.547169811320755, 0.547854785478548, 0.935374149659864)	0.935374149659864	0	NULL	NULL
152	5	c(26, 46, 27, 35, 18)	18	0	c(1, 1, 1, 1, 1)	c(0.974107111938872, 0.783131242902099, 0.969957535486522, 0.950211872262206, 0.951848048383947)	c(0.996835443037975, 0.853125, 0.996815286624204, 1, 1)	c(0, 0, 0, 0, 0)	c(0.0160268362222894, 0.0405244286583356, 0.03190586400195, 0.0178459203821305, 0.00682788523157203)	c(0, 0, 0, 0, 0, 0, 0, 0, 0, 0, 0, 0, 0, 0, 0, 0, 0, 0, 0, 0, 0, 0, 0, 0, 0)	c(0, 0.0364564977509985, 0.0118666601247433, 0.000620700370395766, 1.4340618367464e-05, 0.0364564977509985, 0, 0.0787623586218114, 0.0346387969804973, 0.000487717730627533, 0.0118666601247433, 0.0787623586218114, 0, 0.00117273660935939, 0.00086586439275135, 0.000620700370395766, 0.0346387969804973, 0.00117273660935939, 0, 0.0248214403068556, 1.4340618367464e-05, 0.000487717730627533, 0.00086586439275135, 0.0248214403068556, 0)	0.0248048809888112	0.907436552250866	9017	2459	1	0	62.4884019878	c(`1` = -0.999985233505124, `2` = -0.999480311532214, `3` = -0.999949232781766, `4` = -0.999436953505643, `5` = -0.999974691497574)	-0.999698536226162	NULL	NULL	-0.951191669254642	0	1.47218085071982e-05	1.56151549845526	36.5829835128088	-28.6769537986414	c(0.809027777777778, 0.358024691358025, 0.768488745980707, 0.676567656765677, 0.619496855345912)	0.809027777777778	0	NULL	NULL
152	5	c(28, 45, 28, 33, 18)	18	0	c(1, 1, 1, 1, 1)	c(0.914331171516882, 0.800331012536697, 0.970904898067176, 0.987460172221676, 0.996186454232058)	c(1, 0.853880940025206, 1, 1, 1)	c(0, 0, 0, 0, 0)	c(0.0173481892459149, 0.0422754805527363, 0.0328859729827493, 0.0116489832098992, 0.000903990005272169)	c(0, 0, 0, 0, 0, 0, 0, 0, 0, 0, 0, 0, 0, 0, 0, 0, 0, 0, 0, 0, 0, 0, 0, 0, 0)	c(0, 0.0426092777502648, 0.00830429270238515, 3.75082443863899e-05, 0, 0.0426092777502648, 0, 0.08488256085681, 0.028867506550333, 5.98456657610233e-05, 0.00830429270238515, 0.08488256085681, 0, 0.000772840559860287, 6.74873123852716e-06, 3.75082443863899e-05, 0.028867506550333, 0.000772840559860287, 0, 0.00358341337189533, 0, 5.98456657610233e-05, 6.74873123852716e-06, 0.00358341337189533, 0)	0.0235327346158326	0.91657268007893	9049	2427	1	0	63.5509146803513	c(`1` = -1, `2` = -0.999907711226531, `3` = -0.999993121349862, `4` = -0.999957153269272, `5` = -1)	-0.999962108295237	NULL	NULL	-0.954893669739729	0	0	1.56786271966206	38.9488385026986	-28.7518409160641	c(0.552552552552553, 0.481481481481481, 0.780952380952381, 0.889967637540453, 0.977491961414791)	0.977491961414791	0	NULL	NULL
152	5	c(28, 38, 35, 33, 18)	18	0	c(1, 1, 1, 1, 1)	c(0.904799768396121, 0.903134114963414, 0.842378206484644, 0.980868506831133, 1)	c(0.996830419931686, 0.928792569659443, 0.978395061728395, 1, 1)	c(0, 0, 0, 0, 0)	c(0.017953090185594, 0.0496212944836548, 0.0365413685455962, 0.00808149771764816, 0.00127037551037047)	c(0, 0, 0, 0, 0, 0, 0, 0, 0, 0, 0, 0, 0, 0, 0, 0, 0, 0, 0, 0, 0, 0, 0, 0, 0)	c(0, 0.049464033262737, 0.00988909504151548, 1.30785629275055e-05, 0, 0.049464033262737, 0, 0.102862968477867, 0.0203524467592325, 0, 0.00988909504151548, 0.102862968477867, 0, 0.00271674716707204, 0, 1.30785629275055e-05, 0.0203524467592325, 0.00271674716707204, 0, 0.00515849449665585, 0, 0, 0, 0.00515849449665585, 0)	0.0253169025271417	0.917798604184809	9119	2357	1	0	63.5158500332626	c(`1` = -1, `2` = -1, `3` = -1, `4` = -1, `5` = -1)	-1	NULL	NULL	-0.95869653413901	0	0	1.58060010191757	36.2524050168009	-28.7760355544961	c(0.60952380952381, 0.726415094339623, 0.677710843373494, 0.871069182389937, 1)	1	0	NULL	NULL
152	5	c(28, 38, 35, 33, 18)	18	0	c(1, 1, 1, 1, 1)	c(0.891850216574365, 0.860166656416786, 0.907875979977965, 0.968565646576114, 1)	c(0.996969696969697, 0.931818181818182, 0.966463414634146, 1, 1)	c(0, 0, 0, 0, 0)	c(0.0197268451727796, 0.045827648964265, 0.0303152392069277, 0.0123082462985451, 0.00189501176507499)	c(0, 0, 0, 0, 0, 0, 0, 0, 0, 0, 0, 0, 0, 0, 0, 0, 0, 0, 0, 0, 0, 0, 0, 0, 0)	c(0, 0.0537357569410748, 0.0115477153618238, 0, 0, 0.0537357569410748, 0, 0.0790781368586191, 0.0288238043329892, 4.61363631004181e-05, 0.0115477153618238, 0.0790781368586191, 0, 0.00662356837733166, 0, 0, 0.0288238043329892, 0.00662356837733166, 0, 0.00764176953703735, 0, 4.61363631004181e-05, 0, 0.00764176953703735, 0)	0.0243482365334578	0.917082004237899	9119	2357	1	0	63.2578456165838	c(`1` = -1, `2` = -0.999928769606392, `3` = -1, `4` = -1, `5` = -1)	-0.999982192401598	NULL	NULL	-0.964650344334082	0	0	1.58060010191757	37.6652330848562	-28.8389305349973	c(0.60828025477707, 0.647619047619048, 0.738170347003155, 0.795847750865052, 1)	1	0	NULL	NULL
152	5	c(25, 41, 35, 33, 18)	18	0	c(1, 1, 1, 1, 1)	c(0.987570550504836, 0.769180257041898, 0.911962021433918, 0.952374599478523, 1)	c(0.987823411668767, 0.77228144989339, 0.949101796407186, 1, 1)	c(0, 0, 0, 0, 0)	c(0.0191064945350979, 0.0428650640433151, 0.0342718366372036, 0.016390073424313, 0.00369075351655797)	c(0, 0, 0, 0, 0, 0, 0, 0, 0, 0, 0, 0, 0, 0, 0, 0, 0, 0, 0, 0, 0, 0, 0, 0, 0)	c(0, 0.0377634418848059, 0.0250921053908682, 0, 0, 0.0377634418848059, 0, 0.0763427626248173, 0.0345793014963746, 4.56900243813117e-05, 0.0250921053908682, 0.0763427626248173, 0, 0.00759539377249528, 0.000100054981736593, 0, 0.0345793014963746, 0.00759539377249528, 0, 0.0148238107835865, 0, 4.56900243813117e-05, 0.000100054981736593, 0.0148238107835865, 0)	0.0258453256309816	0.905083466015244	9080	2396	1	0	61.8976818989167	c(`1` = -1, `2` = -0.999927844880709, `3` = -0.999861683437265, `4` = -1, `5` = -1)	-0.999948687897456	NULL	NULL	-0.957703995120569	0	0	1.57271622032499	35.0192324499209	-28.8656206880125	c(0.978593272171254, 0.454268292682927, 0.769230769230769, 0.734006734006734, 1)	1	0	NULL	NULL
152	6	c(25, 31, 28, 16, 35, 17)	16	0	c(1, 1, 1, 1, 1, 1)	c(0.973198302961645, 0.782182456014804, 0.897677673821824, 0.940600241814215, 0.866195309032855, 0.968011670498345)	c(1, 0.864951768488746, 0.948925968546222, 0.972517482517482, 0.904615384615385, 1)	c(0, 0, 0, 0, 0, 0)	c(0.00753618381408654, 0.0379418164358764, 0.0175504740263048, 0.0442004276378548, 0.0146824626876207, 0.00438512901702931)	c(0, 0, 0, 0, 0, 0, 0, 0, 0, 0, 0, 0, 0, 0, 0, 0, 0, 0, 0, 0, 0, 0, 0, 0, 0, 0, 0, 0, 0, 0, 0, 0, 0, 0, 0, 0)	c(0, 0.0221302450083328, 0.0077531444514895, 0.000279096609347156, 0.0014144045354118, 0, 0.0221302450083328, 0, 0.0333628240512674, 0.113447734561916, 0.0360801315622153, 0.00150448426053169, 0.0077531444514895, 0.0333628240512674, 0, 0.0504709250021176, 0.00270347792180695, 0.00270741735812634, 0.000279096609347156, 0.113447734561916, 0.0504709250021176, 0, 0.0234784763885779, 0.0148510822609204, 0.0014144045354118, 0.0360801315622153, 0.00270347792180695, 0.0234784763885779, 0, 0.00662652580057744, 
0, 0.00150448426053169, 0.00270741735812634, 0.0148510822609204, 0.00662652580057744, 0)	0.0207525347616478	0.891679122770792	9482	1994	1	0	59.8134686409084	c(`1` = -1, `2` = -0.998617576331297, `3` = -0.999330364709777, `4` = -0.999654710074378, `5` = -0.999819348494622, `6` = -1)	-0.999516760767406	NULL	NULL	-0.960067488723048	0	0	1.75289069319778	42.9672390872791	-23.894606726097	c(0.8875, 0.498422712933754, 0.630094043887147, 0.790322580645161, 0.552287581699346, 0.757097791798107)	0.8875	0	NULL	NULL
152	6	c(25, 29, 27, 21, 32, 18)	18	0	c(1, 1, 1, 1, 1, 1)	c(0.973919745909867, 0.85491457765794, 0.956190238963776, 0.885350848734244, 0.919590956343427, 0.955899435701778)	c(1, 0.943596359911755, 0.984802431610942, 0.957688414556247, 0.97767094017094, 1)	c(0, 0, 0, 0, 0, 0)	c(0.00828322178282419, 0.0296521490147262, 0.00893761297587302, 0.0280471345345472, 0.0158462131035506, 0.00545684321578726)	c(0, 0, 0, 0, 0, 0, 0, 0, 0, 0, 0, 0, 0, 0, 0, 0, 0, 0, 0, 0, 0, 0, 0, 0, 0, 0, 0, 0, 0, 0, 0, 0, 0, 0, 0, 0)	c(0, 0.0239174737386762, 0.00737665080186706, 0.0062288379490967, 0.000883146160535628, 7.0323488045007e-06, 0.0239174737386762, 0, 0.00866281018853431, 0.0764981411340113, 0.0373770711869609, 0.00071413158094438, 0.00737665080186706, 0.00866281018853431, 0, 0.0287986756781927, 0.00223403086815072, 0.000294593302615864, 0.0062288379490967, 0.0764981411340113, 0.0287986756781927, 0, 0.0162614096201986, 0.000115457291910001, 0.000883146160535628, 0.0373770711869609, 0.00223403086815072, 0.0162614096201986, 
0, 0.0218735232514767, 7.0323488045007e-06, 0.00071413158094438, 0.000294593302615864, 0.000115457291910001, 0.0218735232514767, 0)	0.0163913137943629	0.922257375795327	9560	1916	1	0	63.2226150098964	c(`1` = -0.999992717717696, `2` = -0.999259666567311, `3` = -0.999668141638439, `4` = -0.999914569388763, `5` = -0.999559550187428, `6` = -0.999988389539099)	-0.999692701792748	NULL	NULL	-0.976593616672414	0	7.22066559799633e-06	1.77403656165323	56.2650064153184	-24.0697550861778	c(0.857142857142857, 0.598130841121495, 0.826498422712934, 0.702194357366771, 0.601328903654485, 0.660714285714286)	0.857142857142857	0	NULL	NULL
152	6	c(25, 28, 27, 23, 31, 18)	18	0	c(1, 1, 1, 1, 1, 1)	c(0.981827574298449, 0.890236810216966, 0.975665253756774, 0.84363869340187, 0.963551309407148, 0.997830897189672)	c(1, 0.965757950379401, 0.996884735202492, 0.955271565495208, 0.982404692082111, 1)	c(0, 0, 0, 0, 0, 0)	c(0.00720384061710824, 0.0257989683787831, 0.0057396224258462, 0.0260193610484147, 0.00910338993747376, 0.000918366893701752)	c(0, 0, 0, 0, 0, 0, 0, 0, 0, 0, 0, 0, 0, 0, 0, 0, 0, 0, 0, 0, 0, 0, 0, 0, 0, 0, 0, 0, 0, 0, 0, 0, 0, 0, 0, 0)	c(0, 0.0213056575225994, 0.00532693427278596, 0.00695011774696968, 0.000472561748207687, 0, 0.0213056575225994, 0, 0.00637020145695519, 0.0796996955531494, 0.0212917119957844, 7.21739985872628e-05, 0.00532693427278596, 0.00637020145695519, 0, 0.0158476855928442, 0.00132820834967212, 1.34765633960481e-05, 0.00695011774696968, 0.0796996955531494, 0.0158476855928442, 0, 0.0168657770643976, 2.36975599974959e-05, 0.000472561748207687, 0.0212917119957844, 0.00132820834967212, 0.0168657770643976, 0, 0.00387520582915986, 
0, 7.21739985872628e-05, 1.34765633960481e-05, 2.36975599974959e-05, 0.00387520582915986, 0)	0.0128121762056915	0.94111854331742	9576	1900	1	0	65.4762987532653	c(`1` = -1, `2` = -0.999904740289934, `3` = -0.999985385363937, `4` = -0.999988405967541, `5` = -0.999666429563994, `6` = -1)	-0.999910070965011	NULL	NULL	-0.984181997193309	0	0	1.77810499955504	73.4550109371233	-24.1306555045398	c(0.911949685534591, 0.680511182108626, 0.894389438943894, 0.557993730407524, 0.913461538461538, 0.987421383647799)	0.987421383647799	0	NULL	NULL
152	6	c(25, 28, 27, 22, 32, 18)	18	0	c(1, 1, 1, 1, 1, 1)	c(0.982681116176545, 0.879283066573606, 0.976544424465303, 0.851627480103824, 0.934275001252147, 0.999749474823892)	c(0.996860274836853, 0.974107591754651, 0.996865203761755, 0.9625, 0.969183285849953, 1)	c(0, 0, 0, 0, 0, 0)	c(0.00747651150732098, 0.0259219501123409, 0.00710636608224923, 0.0300520979931822, 0.00864917627327781, 0.00102392108530838)	c(0, 0, 0, 0, 0, 0, 0, 0, 0, 0, 0, 0, 0, 0, 0, 0, 0, 0, 0, 0, 0, 0, 0, 0, 0, 0, 0, 0, 0, 0, 0, 0, 0, 0, 0, 0)	c(0, 0.0199766008983595, 0.00734106167947069, 0.00816835942578264, 0.000383111361336569, 0, 0.0199766008983595, 0, 0.00968781492231478, 0.0887695971050636, 0.0156068424728864, 5.47607291677879e-05, 0.00734106167947069, 0.00968781492231478, 0, 0.0178191211107223, 0.00129655425105257, 0, 0.00816835942578264, 0.0887695971050636, 0.0178191211107223, 0, 0.0224077192054481, 0.00104731944241627, 0.000383111361336569, 0.0156068424728864, 0.00129655425105257, 0.0224077192054481, 0, 0.00351972179004586, 0, 
5.47607291677879e-05, 0, 0.00104731944241627, 0.00351972179004586, 0)	0.0135546386098586	0.935406239330399	9567	1909	1	0	64.8810315140323	c(`1` = -1, `2` = -0.999920861091241, `3` = -1, `4` = -0.999209950655931, `5` = -0.999852681987559, `6` = -1)	-0.999840058214389	NULL	NULL	-0.980671396146911	0	0	1.77589110114672	69.0100463947491	-24.1049055416837	c(0.886075949367089, 0.674556213017751, 0.920245398773006, 0.630094043887147, 0.574193548387097, 1)	1	0	NULL	NULL
152	6	c(25, 28, 27, 22, 32, 18)	18	0	c(1, 1, 1, 1, 1, 1)	c(0.980750486033804, 0.842816042423565, 0.97060117718904, 0.851999152224733, 0.948693962856562, 0.999667937694931)	c(0.993485272897038, 0.981905072227653, 0.996805111821086, 0.949044585987261, 0.978090713166144, 1)	c(0, 0, 0, 0, 0, 0)	c(0.00799850486535439, 0.0289062466187295, 0.00809367897033495, 0.028981989646888, 0.00977328842305535, 0.00152730529377844)	c(0, 0, 0, 0, 0, 0, 0, 0, 0, 0, 0, 0, 0, 0, 0, 0, 0, 0, 0, 0, 0, 0, 0, 0, 0, 0, 0, 0, 0, 0, 0, 0, 0, 0, 0, 0)	c(0, 0.0245707023563522, 0.008207501212764, 0.00424841967590093, 0.000398833947115496, 0, 0.0245707023563522, 0, 0.0132132733354796, 0.089868186158537, 0.0198685578054723, 2.52609162655297e-05, 0.008207501212764, 0.0132132733354796, 0, 0.0178707231069561, 0.00134885150248141, 1.28628414943949e-05, 0.00424841967590093, 0.089868186158537, 0.0178707231069561, 0, 0.0207071695584709, 0, 0.000398833947115496, 0.0198685578054723, 0.00134885150248141, 0.0207071695584709, 0, 0.00636263459345397, 0, 2.52609162655297e-05, 
1.28628414943949e-05, 0, 0.00636263459345397, 0)	0.0144860293736718	0.930395093168894	9567	1909	1	0	64.372437330952	c(`1` = -1, `2` = -0.999955805708658, `3` = -0.999985983934267, `4` = -1, `5` = -0.999739491504704, `6` = -1)	-0.999934525356698	NULL	NULL	-0.978234413684077	0	0	1.77589110114672	64.2270610647718	-24.0965839339042	c(0.890243902439024, 0.594339622641509, 0.901449275362319, 0.671974522292994, 0.746223564954683, 1)	1	0	NULL	NULL
152	6	c(25, 27, 28, 22, 32, 18)	18	0	c(1, 1, 1, 1, 1, 1)	c(0.982805279741296, 0.844892710130038, 0.926036816295694, 0.839832129397438, 0.942521999720732, 1)	c(0.996825396825397, 0.98780487804878, 0.996860274836853, 0.947530864197531, 0.97741935483871, 1)	c(0, 0, 0, 0, 0, 0)	c(0.00844296482111413, 0.0309530056703871, 0.0112972573418624, 0.0323231473854208, 0.0113986973545725, 0.00271082041821245)	c(0, 0, 0, 0, 0, 0, 0, 0, 0, 0, 0, 0, 0, 0, 0, 0, 0, 0, 0, 0, 0, 0, 0, 0, 0, 0, 0, 0, 0, 0, 0, 0, 0, 0, 0, 0)	c(0, 0.0262772009701223, 0.0108203381616054, 0.00217661543973572, 0.000372409309032946, 0, 0.0262772009701223, 0, 0.0182164713688658, 0.0936844212058593, 0.0200336631152557, 0, 0.0108203381616054, 0.0182164713688658, 0, 0.0274766385090143, 0.0010631463185348, 0, 0.00217661543973572, 0.0936844212058593, 0.0274766385090143, 0, 0.0265240163531471, 0, 0.000372409309032946, 0.0200336631152557, 0.0010631463185348, 0.0265240163531471, 0, 0.0113515605012646, 0, 0, 0, 0, 0.0113515605012646, 0)	0.0163714112651892	0.920712347770592	9567	1909	1	0	63.3669648640538	c(`1` = -1, `2` = -1, `3` = -1, `4` = -1, `5` = -0.999897743890298, `6` = -1)	-0.999978472397958	NULL	NULL	-0.973257251446811	0	0	1.77589110114672	56.2390335724029	-24.0763351658141	c(0.878594249201278, 0.576923076923077, 0.613418530351438, 0.629969418960245, 0.769230769230769, 1)	1	0	NULL	NULL
152	7	c(26, 28, 25, 17, 24, 17, 15)	15	0	c(1, 1, 1, 1, 1, 1, 1)	c(0.897241853283804, 0.72911602291569, 0.851722725171616, 0.89751642107122, 0.929984254641047, 0.929557878789976, 0.672959186418732)	c(0.972727272727273, 0.858228511530398, 0.884675293553798, 0.976561130907179, 0.961904761904762, 1, 0.676375404530744)	c(0, 0, 0, 0, 0, 0, 0)	c(0.0103085988260629, 0.036317311064457, 0.0246645271999637, 0.033269834674472, 0.0283661190338354, 0.00508713341005366, 0.0566714406065077)	c(0, 0, 0, 0, 0, 0, 0, 0, 0, 0, 0, 0, 0, 0, 0, 0, 0, 0, 0, 0, 0, 0, 0, 0, 0, 0, 0, 0, 0, 0, 0, 0, 0, 0, 0, 0, 0, 0, 0, 0, 0, 0, 0, 0, 0, 0, 0, 0, 0)	c(0, 0.0189947481328566, 0.00905856428199621, 0.00170745710206224, 0.0130569492849398, 0, 0.0132115229160282, 0.0189947481328566, 0, 0.0439426030792539, 0.0830544104846958, 0.0195608410083598, 0.00176871050959464, 0.0666309868302316, 0.00905856428199621, 0.0439426030792539, 0, 0.0454120577232781, 0.00228596457122657, 0.00011085976556857, 0.055848443321637, 0.00170745710206224, 0.0830544104846958, 0.0454120577232781, 0, 0.0189979607034971, 0.0236221398062088, 0.00857876174381287, 0.0130569492849398, 
0.0195608410083598, 0.00228596457122657, 0.0189979607034971, 0, 0.000604349350203154, 0.156886041432991, 0, 0.00176871050959464, 0.00011085976556857, 0.0236221398062088, 0.000604349350203154, 0, 0.0145591240559303, 0.0132115229160282, 0.0666309868302316, 0.055848443321637, 0.00857876174381287, 0.156886041432991, 0.0145591240559303, 0)	0.0269757799135521	0.845466302379046	9820	1656	1	0	54.5827295790543	c(`1` = -1, `2` = -0.997069416675904, `3` = -0.99984132925367, `4` = -0.998348695812584, `5` = -0.999802366221549, `6` = -1, `7` = -0.99503670584872)	-0.998728369106112	NULL	NULL	-0.935965299265443	0	0	1.92054216204388	31.3416815042408	-20.3150245810723	c(0.56832298136646, 0.425324675324675, 0.608024691358025, 0.667682926829268, 0.75625, 0.599397590361446, 0.518151815181518)	0.75625	0	NULL	NULL
152	7	c(26, 23, 25, 22, 25, 17, 14)	14	0	c(1, 1, 1, 1, 1, 1, 0.996710526315789)	c(0.868970659577833, 0.873763862849088, 0.912951269103459, 0.812137733379519, 0.884547340098444, 0.989206248714857, 0.802587618892002)	c(0.93, 0.938271604938272, 0.939489832141589, 0.96039603960396, 0.943661833855799, 1, 0.815286624203822)	c(0, 0, 0, 0, 0, 0, 0)	c(0.0120809886556373, 0.0228976566764251, 0.0105353440965289, 0.0199508822273533, 0.0229367812213682, 0.00194373619468604, 0.0513609352016366)	c(0, 0, 0, 0, 0, 0, 0, 0, 0, 0, 0, 0, 0, 0, 0, 0, 0, 0, 0, 0, 0, 0, 0, 0, 0, 0, 0, 0, 0, 0, 0, 0, 0, 0, 0, 0, 0, 0, 0, 0, 0, 0, 0, 0, 0, 0, 0, 0, 0)	c(0, 0.0175343458442963, 0.00870249330736367, 0.00845885798791815, 0.0141423462067869, 0, 0.0258356251859656, 0.0175343458442963, 0, 0.0176505424749283, 0.0395994038769107, 0.0212624096573082, 6.49535176389396e-05, 0.0466278443506659, 0.00870249330736367, 0.0176505424749283, 0, 0.0154345472522807, 0.000388694636037153, 0, 0.0254631422780903, 0.00845885798791815, 0.0395994038769107, 0.0154345472522807, 0, 0.0116789761325251, 0.000262032823673027, 0.0557575321484655, 0.0141423462067869, 0.0212624096573082, 
0.000388694636037153, 0.0116789761325251, 0, 0.000413414792382901, 0.127325135666588, 0, 6.49535176389396e-05, 0, 0.000262032823673027, 0.000413414792382901, 0, 0.0174864545318958, 0.0258356251859656, 0.0466278443506659, 0.0254631422780903, 0.0557575321484655, 0.127325135666588, 0.0174864545318958, 0)	0.0190314221862673	0.878598909549936	9840	1636	1	0	57.6386498113713	c(`1` = -1, `2` = -0.999890690173866, `3` = -1, `4` = -0.999479586706049, `5` = -0.99992103991679, `6` = -1, `7` = -0.99670763964415)	-0.999591906147828	NULL	NULL	-0.966239459862719	0	0	1.92595268113712	46.1656990712924	-20.4673712341606	c(0.54601226993865, 0.623100303951368, 0.739938080495356, 0.530944625407166, 0.650485436893204, 0.919254658385093, 0.724832214765101)	0.919254658385093	0	NULL	NULL
152	7	c(26, 21, 25, 18, 25, 18, 19)	18	0	c(1, 1, 1, 1, 1, 1, 0.996923076923077)	c(0.834417016825917, 0.946349126318736, 0.965620755374914, 0.948201585041871, 0.872299260229073, 0.951557968119255, 0.649159419685116)	c(0.871287128712871, 0.990384615384615, 0.987138130686518, 0.996666666666667, 0.888390092879257, 1, 0.67192429022082)	c(0, 0, 0, 0, 0, 0, 0)	c(0.01407242144303, 0.0132968282101588, 0.00517142673292509, 0.0217334124044242, 0.0233932893175411, 0.00323617389004192, 0.0587661932167799)	c(0, 0, 0, 0, 0, 0, 0, 0, 0, 0, 0, 0, 0, 0, 0, 0, 0, 0, 0, 0, 0, 0, 0, 0, 0, 0, 0, 0, 0, 0, 0, 0, 0, 0, 0, 0, 0, 0, 0, 0, 0, 0, 0, 0, 0, 0, 0, 0, 0)	c(0, 0.0173358968682032, 0.00387789306055138, 0.00578807377363581, 0.00716113848351308, 0.000636765023401313, 0.0535499147705912, 0.0173358968682032, 0, 0.00592204647455229, 0.00324428202417652, 0.00683990437308758, 5.13278035678515e-05, 0.0480411278351118, 0.00387789306055138, 0.00592204647455229, 0, 0.00734137970395813, 0.000186378890266213, 0, 0.0155146680322974, 0.00578807377363581, 0.00324428202417652, 0.00734137970395813, 0, 0.0240893300846508, 0.000137106240498778, 0.100285356027705, 0.00716113848351308, 
0.00683990437308758, 0.000186378890266213, 0.0240893300846508, 0, 0.0014467735662039, 0.114568990155237, 0.000636765023401313, 5.13278035678515e-05, 0, 0.000137106240498778, 0.0014467735662039, 0, 0.0198619092262201, 0.0535499147705912, 0.0480411278351118, 0.0155146680322974, 0.100285356027705, 0.114568990155237, 0.0198619092262201, 0)	0.0193685428282035	0.881880759284108	9864	1612	1	0	58.4228472925057	c(`1` = -0.999980840424128, `2` = -0.999933480047737, `3` = -1, `4` = -0.999823897731753, `5` = -0.99986656035675, `6` = -1, `7` = -0.99410995314723)	-0.999208475065246	NULL	NULL	-0.959247357941864	0	0	1.93449238721085	45.5316007562509	-20.4943834560009	c(0.575471698113208, 0.819727891156463, 0.827464788732394, 0.854889589905363, 0.63258785942492, 0.659163987138264, 0.489028213166144)	0.854889589905363	0	NULL	NULL
152	7	c(25, 21, 25, 18, 25, 18, 20)	18	0	c(1, 1, 1, 1, 1, 1, 0.98705501618123)	c(0.855703831573447, 0.960816135793007, 0.968013815215592, 0.917558302348023, 0.854075855061166, 0.984706970065822, 0.694177735541317)	c(0.920923520923521, 1, 0.990697652058535, 0.993589743589744, 0.8202595183425, 1, 0.726115419372465)	c(0, 0, 0, 0, 0, 0, 0)	c(0.0161497924369335, 0.00957199859095469, 0.0053008049886937, 0.0167938965703591, 0.026706629548083, 0.00132399395249446, 0.0569453728811536)	c(0, 0, 0, 0, 0, 0, 0, 0, 0, 0, 0, 0, 0, 0, 0, 0, 0, 0, 0, 0, 0, 0, 0, 0, 0, 0, 0, 0, 0, 0, 0, 0, 0, 0, 0, 0, 0, 0, 0, 0, 0, 0, 0, 0, 0, 0, 0, 0, 0)	c(0, 0.0201370951016983, 0.00744036038863151, 0.00692790503634838, 0.00283488726808212, 8.41603893154562e-05, 0.0622523136637549, 0.0201370951016983, 0, 0.00107298578307282, 0.00215077695802243, 0.00754235465094953, 0, 0.0248203470888822, 0.00744036038863151, 0.00107298578307282, 0, 0.00764824903815584, 0.000160446543405718, 0, 0.0161490438065917, 0.00692790503634838, 0.00215077695802243, 0.00764824903815584, 0, 0.0149773470630967, 5.84180394905947e-05, 0.0732663385579398, 0.00283488726808212, 0.00754235465094953, 
0.000160446543405718, 0.0149773470630967, 0, 0.00113768732598669, 0.143419927032295, 8.41603893154562e-05, 0, 0, 5.84180394905947e-05, 0.00113768732598669, 0, 0.00729087360204369, 0.0622523136637549, 0.0248203470888822, 0.0161490438065917, 0.0732663385579398, 0.143419927032295, 0.00729087360204369, 0)	0.0189092147980048	0.889778329027525	9870	1606	1	0	59.1091373675843	c(`1` = -0.999992878123, `2` = -1, `3` = -1, `4` = -0.9999081230239, `5` = -0.99991838167497, `6` = -1, `7` = -0.996218111532728)	-0.999476907500224	NULL	NULL	-0.961727208041396	0	0	1.93625758128938	47.0552764106001	-20.5132078892617	c(0.574603174603175, 0.800632911392405, 0.861963190184049, 0.743333333333333, 0.765432098765432, 0.924290220820189, 0.521739130434783)	0.924290220820189	0	NULL	NULL
152	7	c(25, 22, 25, 17, 27, 18, 18)	17	0	c(1, 1, 1, 1, 1, 1, 0.99375)	c(0.834555165735039, 0.908532799655505, 0.972076595051924, 0.961443073949857, 0.820541985240268, 0.993136484788061, 0.758898762770203)	c(0.933350831852689, 0.996753246753247, 1, 0.995241215752356, 0.796825396825397, 1, 0.786163522012579)	c(0, 0, 0, 0, 0, 0, 0)	c(0.0171964970843841, 0.0094954807019211, 0.00445115379988293, 0.0133051450568893, 0.0240297177882743, 0.00131376020591818, 0.0599424758827894)	c(0, 0, 0, 0, 0, 0, 0, 0, 0, 0, 0, 0, 0, 0, 0, 0, 0, 0, 0, 0, 0, 0, 0, 0, 0, 0, 0, 0, 0, 0, 0, 0, 0, 0, 0, 0, 0, 0, 0, 0, 0, 0, 0, 0, 0, 0, 0, 0, 0)	c(0, 0.0222818130865065, 0.00584703396687776, 0.00333677964548606, 0.00307539971288591, 1.41544252300376e-05, 0.0781979759314652, 0.0222818130865065, 0, 0.000270330265231997, 0.000768604785192135, 0.00505717170777081, 0, 0.0289443883332335, 0.00584703396687776, 0.000270330265231997, 0, 0.00972369953632113, 0.000206520524920391, 0, 0.0134608039604319, 0.00333677964548606, 0.000768604785192135, 0.00972369953632113, 0, 0.0110478928906706, 0.00134910547076842, 0.0627886828521504, 0.00307539971288591, 
0.00505717170777081, 0.000206520524920391, 0.0110478928906706, 0, 0.000926096964735651, 0.144773611972863, 1.41544252300376e-05, 0, 0, 0.00134910547076842, 0.000926096964735651, 0, 0.00709725532840884, 0.0781979759314652, 0.0289443883332335, 0.0134608039604319, 0.0627886828521504, 0.144773611972863, 0.00709725532840884, 0)	0.0180305528447012	0.889403394255123	9852	1624	1	0	59.1975563367298	c(`1` = -0.999971667036132, `2` = -1, `3` = -1, `4` = -0.999959028288084, `5` = -0.999994742706681, `6` = -1, `7` = -0.999269061921699)	-0.999903265292577	NULL	NULL	-0.959577358571061	0	0	1.93077308181583	49.3275720337384	-20.492370899708	c(0.598039215686274, 0.626168224299065, 0.903030303030303, 0.852760736196319, 0.647435897435897, 0.965079365079365, 0.556923076923077)	0.965079365079365	0	NULL	NULL
152	7	c(25, 22, 25, 17, 27, 18, 18)	17	0	c(1, 1, 1, 1, 1, 1, 0.99685534591195)	c(0.820251854601769, 0.90903520684026, 0.962852416248101, 0.958494349564926, 0.833573563159707, 0.997344071756487, 0.755309771861374)	c(0.883699920624974, 0.993975903614458, 1, 0.996987842496825, 0.803921568627451, 1, 0.825)	c(0, 0, 0, 0, 0, 0, 0)	c(0.0191590927958555, 0.00980776771902535, 0.00572592756226387, 0.0101858015074271, 0.0261751132401385, 0.00187599724034131, 0.0616383226464037)	c(0, 0, 0, 0, 0, 0, 0, 0, 0, 0, 0, 0, 0, 0, 0, 0, 0, 0, 0, 0, 0, 0, 0, 0, 0, 0, 0, 0, 0, 0, 0, 0, 0, 0, 0, 0, 0, 0, 0, 0, 0, 0, 0, 0, 0, 0, 0, 0, 0)	c(0, 0.0217833915595013, 0.0133382098632551, 0.00282917986311011, 0.00310695235212343, 1.38316156746838e-05, 0.082682343551161, 0.0217833915595013, 0, 0.00018679493926248, 0.000880466389080798, 0.00694768002465659, 0, 0.0290666584291166, 0.0133382098632551, 0.00018679493926248, 0, 0.00801995205896368, 0.000124065988202805, 0, 0.0138855054710278, 0.00282917986311011, 0.000880466389080798, 0.00801995205896368, 0, 0.0117297352745129, 1.03416894183834e-05, 0.0426442023372032, 0.00310695235212343, 0.00694768002465659, 
0.000124065988202805, 0.0117297352745129, 0, 0.000522774104692524, 0.157191627911974, 1.38316156746838e-05, 0, 0, 1.03416894183834e-05, 0.000522774104692524, 0, 0.0131526183481699, 0.082682343551161, 0.0290666584291166, 0.0138855054710278, 0.0426442023372032, 0.157191627911974, 0.0131526183481699, 0)	0.0188781017318962	0.887664741149801	9852	1624	1	0	59.0195932061083	c(`1` = -0.999974400079949, `2` = -1, `3` = -1, `4` = -0.999986693579645, `5` = -1, `6` = -1, `7` = -0.999775167830443)	-0.999967676406583	NULL	NULL	-0.957608044659852	0	0	1.93077308181583	47.0208686104288	-20.482035730289	c(0.542857142857143, 0.611620795107034, 0.83448275862069, 0.841269841269841, 0.685064935064935, 0.99344262295082, 0.577922077922078)	0.99344262295082	0	NULL	NULL
152	8	c(26, 22, 25, 19, 24, 16, 15, 5)	5	0	c(1, 0.997093023255814, 1, 1, 1, 1, 1, 0.972644376899696)	c(0.867637852072982, 0.812702343607853, 0.620293242470073, 0.781074078639062, 0.813101432037335, 0.962619535740374, 0.61573384863256, 0.663997150336488)	c(0.929447852760736, 0.890625, 0.611549246407291, 0.891304347826087, 0.8265625, 0.996932515337423, 0.614197530864197, 0.647683173905593)	c(0, 0, 0, 0, 0, 0, 0, 0)	c(0.0110414222872737, 0.0386544416661339, 0.0261445832846374, 0.0275486501399676, 0.0253949533009961, 0.00454498803594293, 0.0405735932748151, 0.108462569966404)	c(0, 0, 0, 0, 0, 0, 0, 0, 0, 0, 0, 0, 0, 0, 0, 0.00986842105263158, 0, 0, 0, 0, 0, 0, 0, 0, 0, 0, 0, 0, 0, 0, 0, 0.0307692307692308, 0, 0, 0, 0, 0, 0, 0, 0, 0, 0, 0, 0, 0, 0, 0, 0, 0, 0, 0, 0, 0, 0, 0, 0, 0, 0.00986842105263158, 0, 0.0307692307692308, 0, 0, 0, 0)	c(0, 0.0187320897707814, 0.0090689679882787, 0.00216750581051921, 0.0134094301406509, 0, 0.019149249834246, 0.0204282704486295, 0.0187320897707814, 0, 0.0544837011970916, 0.034682961812379, 0.0232934869627381, 4.59546373463517e-05, 0.0326376931071228, 0.293525984056901, 0.0090689679882787, 0.0544837011970916, 0, 0.0308914271550776, 0.00494193373941494, 0, 0.0363371227512129, 0.127065423231411, 0.00216750581051921, 0.034682961812379, 0.0308914271550776, 0, 0.027849759555809, 0.0229113454725725, 0.00798392399058614, 
0.183513972406709, 0.0134094301406509, 0.0232934869627381, 0.00494193373941494, 0.027849759555809, 0, 0.000474795041440741, 0.106568812648603, 0.0261258880505, 0, 4.59546373463517e-05, 0, 0.0229113454725725, 0.000474795041440741, 0, 0.0109905834139745, 0.00110759493670886, 0.019149249834246, 0.0326376931071228, 0.0363371227512129, 0.00798392399058614, 0.106568812648603, 0.0109905834139745, 0, 0.10980981436221, 0.0204282704486295, 0.293525984056901, 0.127065423231411, 0.183513972406709, 0.0261258880505, 
0.00110759493670886, 0.10980981436221, 0)	0.0276891631627389	0.778013912441297	9938	1538	1	0	46.9122361727252	c(`1` = -1, `2` = -0.999917456704362, `3` = -1, `4` = -0.999985592330033, `5` = -0.999401038693942, `6` = -1, `7` = -0.995625568635386, `8` = -0.997806402991818)	-0.999387834045468	NULL	NULL	-0.922493244590219	0	0	2.00787832182523	28.0981374506928	-17.4642825251079	c(0.55448717948718, 0.601286173633441, 0.331168831168831, 0.517133956386293, 0.60828025477707, 0.746710526315789, 0.557993730407524, 0.525974025974026)	0.746710526315789	0	NULL	NULL
152	8	c(26, 23, 25, 18, 25, 17, 14, 4)	4	0	c(1, 1, 1, 1, 1, 1, 1, 0.942675159235669)	c(0.789462465979849, 0.806296674621158, 0.690716768750782, 0.912231537661867, 0.749452707356809, 0.961002213309338, 0.668524336824887, 0.804595517324969)	c(0.789473684210526, 0.911111111111111, 0.675967206087236, 0.943521594684385, 0.773324887387387, 0.996913580246914, 0.668789808917197, 0.814682281500759)	c(0, 0, 0, 0, 0, 0, 0, 0)	c(0.0164217071489694, 0.0223732516915642, 0.0151192435555495, 0.0187883026847205, 0.0214883407034926, 0.00238391990093238, 0.0447574467327559, 0.0993793448646152)	c(0, 0, 0, 0, 0, 0, 0, 0, 0, 0, 0, 0, 0, 0, 0, 0, 0, 0, 0, 0, 0, 0, 0, 0, 0, 0, 0, 0, 0, 0, 0, 0.159235668789809, 0, 0, 0, 0, 0, 0, 0, 0, 0, 0, 0, 0, 0, 0, 0, 0, 0, 0, 0, 0, 0, 0, 0, 0.0189873417721519, 0, 0, 0, 0.159235668789809, 0, 0, 0.0189873417721519, 0)	c(0, 0.0207841875388099, 0.0146350601497084, 0.00513373555079784, 0.0120876194208626, 7.13704554862469e-06, 0.0446779577012115, 0.0512529551518982, 0.0207841875388099, 0, 0.0275397602343986, 0.0159925937542868, 0.0177873710152521, 8.95393280284691e-05, 0.035152233528135, 0.10776554635348, 0.0146350601497084, 0.0275397602343986, 0, 0.0125810052764697, 0.0017645822989835, 6.43099392926147e-05, 0.0168468214005608, 0.0996741153110834, 0.00513373555079784, 0.0159925937542868, 0.0125810052764697, 0, 0.0179328198437259, 
0.000259817959131997, 0.0123652631797491, 0.268987390314147, 0.0120876194208626, 0.0177873710152521, 0.0017645822989835, 0.0179328198437259, 0, 0.00235820446129661, 0.102147561910317, 0.0421427434505516, 7.13704554862469e-06, 8.95393280284691e-05, 6.43099392926147e-05, 0.000259817959131997, 0.00235820446129661, 0, 0.0176687248593086, 0.00174562189688138, 0.0446779577012115, 0.035152233528135, 0.0168468214005608, 0.0123652631797491, 0.102147561910317, 0.0176687248593086, 0, 0.17714918378151, 0.0512529551518982, 
0.10776554635348, 0.0996741153110834, 0.268987390314147, 0.0421427434505516, 0.00174562189688138, 0.17714918378151, 0)	0.0218170133125038	0.792171135680744	9912	1564	1	0	48.0503779409878	c(`1` = -0.999988377268805, `2` = -0.999827418991448, `3` = -0.999951823088577, `4` = -0.999873490725706, `5` = -0.998917319036939, `6` = -1, `7` = -0.996188313924151, `8` = -0.997707927707444)	-0.999359525906321	NULL	NULL	-0.938989114076006	0	7.42666921031048e-06	1.99457810802707	36.3097883442521	-17.542250002576	c(0.464882943143813, 0.50609756097561, 0.496875, 0.796774193548387, 0.535603715170279, 0.718032786885246, 0.460122699386503, 0.767295597484277)	0.796774193548387	0	NULL	NULL
152	8	c(26, 21, 25, 18, 30, 17, 8, 7)	7	0	c(1, 1, 1, 1, 1, 1, 0.996825396825397, 0.90251572327044)	c(0.740791602619901, 0.884776151004192, 0.78175741243417, 0.890260090242569, 0.543592785772616, 0.962722537147645, 0.836429912111868, 0.620943273690319)	c(0.783018867924528, 0.984398426699379, 0.775045615235489, 0.972809667673716, 0.53015873015873, 1, 0.90488393126319, 0.627218934911243)	c(0, 0, 0, 0, 0, 0, 0, 0)	c(0.0184582133435517, 0.0148742782265851, 0.0109086213961029, 0.0178471217847214, 0.0230439589712104, 0.00469681499679993, 0.0651621825155451, 0.090371440480999)	c(0, 0, 0, 0, 0, 0, 0, 0, 0, 0, 0, 0, 0, 0, 0, 0, 0, 0, 0, 0, 0, 0, 0, 0, 0, 0, 0, 0, 0, 0, 0, 0, 0, 0, 0, 0, 0, 0, 0, 0, 0, 0, 0, 0, 0, 0, 0, 0, 0, 0, 0, 0, 0, 0, 0, 0, 0, 0, 0, 0, 0, 0, 0, 0)	c(0, 0.0180838304385221, 0.0134822574058323, 0.00599725476265038, 0.0106694065163408, 2.20130145886856e-05, 0.0672092269081358, 0.0918338841716731, 0.0180838304385221, 0, 0.0144824194564327, 0.00275911122856381, 0.0105266812433873, 0, 0.0154442942986773, 0.089610225152152, 0.0134822574058323, 0.0144824194564327, 0, 0.0103269015764537, 0.00226156827143394, 0, 0.0296878168532378, 0.0342130864033218, 0.00599725476265038, 0.00275911122856381, 0.0103269015764537, 0, 0.0241882221826602, 4.19435111928329e-05, 
